{
  "description": "### SwapDiagonals\n\nThe task is to swap the diagonals in the square matrix and output the resultant square matrix.\n\nInput: An array of arrays representing the square matrix.\nOutput: An array of arrays showing the resultant matrix after swapping diagonals.\n\nExample:\n\n``` swapDiagonals([[1,2,3], [4,5,6], [7,8,9]]) // [[3,2,1], [4,5,6], [9,8,7]] ```",
  "tests": [
    {
      "input": [[[1,2,3], [4,5,6], [7,8,9]]],
      "expectedOutput": [[[3,2,1], [4,5,6], [9,8,7]]]
    },
    {
      "input": [[[239]]],
      "expectedOutput": [[[239]]]
    },
    {
      "input": [[[1,10], [100,1000]]],
      "expectedOutput": [[[10,1], [1000,100]]]
    },
    {
      "input": [[[43,455,32,103], [102,988,298,981], [309,21,53,64], [2,22,35,291]]],
      "expectedOutput": [[[103,455,32,43], [102,298,988,981], [309,53,21,64], [291,22,35,2]]]
    },
    {
      "input": [[[34,1000,139,248,972,584], [98,1,398,128,762,654], [33,498,132,543,764,43], [329,12,54,764,666,213], [928,109,489,71,837,332], [93,298,42,53,76,43]]],
      "expectedOutput": [[[584,1000,139,248,972,34], [98,762,398,128,1,654], [33,498,543,132,764,43], [329,12,764,54,666,213], [928,837,489,71,109,332], [43,298,42,53,76,93]]]
    },
    {
      "input": [[[1,2], [1,2]]],
      "expectedOutput": [[[2,1], [2,1]]]
    }
  ]
}